start = [4.324922561645508, -1.1755617421916504, 2.5042856375323694, -2.9155966244139613, 1.5290300846099854, 3.156883716583252] # 2021-02-08 19:56:57.332195
pos1 = [3.3756637573242188, -1.1755493444255372, 2.488903824483053, -2.9174686870970667, 1.5399997234344482, 3.156787633895874] # 2021-02-08 19:57:09.178032
pos2 = [2.225080966949463, -1.1755736631206055, 2.5450590292560022, -2.917229314843649, 1.572808027267456, 3.156787633895874] # 2021-02-08 19:57:19.171055
pos3 = [1.4847846031188965, -1.1755736631206055, 2.545107666646139, -2.916617055932516, 1.542443037033081, 3.156799554824829] # 2021-02-08 19:57:36.712727
 = [1.4853119850158691, -1.1778748792460938, 2.021334473286764, -1.8379665813841761, 1.4543540477752686, 3.157015800476074] # 2021-02-08 19:58:10.569394
po = [1.485300064086914, -1.1776230794242402, 2.022113625203268, -2.3728462658324183, 1.5398685932159424, 3.1569557189941406] # 2021-02-08 19:58:12.836465
 = [1.485300064086914, -1.1775635045817872, 2.0221012274371546, -2.3726660213866175, 1.5397965908050537, 3.1569557189941406] # 2021-02-08 19:58:14.280467
pos4 = [1.485300064086914, -1.1775992673686524, 2.0221737066852015, -2.3726302585997523, 1.5396525859832764, 3.156991720199585] # 2021-02-08 19:58:19.996504
pos5 = [1.485276222229004, -1.1638263028911133, 2.020158592854635, -0.8661049169353028, 1.461672067642212, 3.1569318771362305] # 2021-02-08 19:58:34.010023
pos6 = [1.4851202964782715, -1.1279733938029786, 2.449803177510397, -2.833886285821432, 1.5009715557098389, 3.1569676399230957] # 2021-02-08 19:59:01.139083
pos8 = [2.2935593128204346, -1.1278775495341797, 2.6167476812945765, -3.1007734737791957, 1.5783145427703857, 3.1569437980651855] # 2021-02-08 19:59:19.409913
 = [2.9627254009246826, -1.127913312321045, 2.609131638203756, -3.1008812389769496, 1.5778595209121704, 3.1569197177886963] # 2021-02-08 19:59:43.297537
 = [2.9627254009246826, -1.127913312321045, 2.609131638203756, -3.1008812389769496, 1.5778595209121704, 3.1569197177886963] # 2021-02-08 19:59:49.862515
 = [2.9627254009246826, -1.127913312321045, 2.609131638203756, -3.1008812389769496, 1.5778595209121704, 3.1569197177886963] # 2021-02-08 19:59:51.512354
done = [2.9627254009246826, -1.127913312321045, 2.609131638203756, -3.1008812389769496, 1.5778595209121704, 3.1569197177886963] # 2021-02-08 19:59:54.530459

